covid16
Profile0
        0      1      2      3      4      5      6      7      8      9     10     11     12     13     14     15
A: 109.00   3.00   1.00  41.00 213.00 213.00 194.00 122.00 220.00 137.00 320.00 188.00 306.00 336.00 215.00 252.00
C:  34.00 160.00   1.00 208.00 234.00  38.00  39.00   3.00   1.00 208.00  33.00   1.00   2.00  41.00   2.00 129.00
G:  41.00  67.00   1.00   1.00   3.00  78.00 169.00 189.00  96.00  92.00   7.00 302.00 127.00  92.00 195.00 122.00
T: 320.00 274.00 501.00 254.00  54.00 175.00 102.00 190.00 187.00  67.00 144.00  13.00  69.00  35.00  92.00   1.00

Consensus sequence
gapSize: 1
new solution: 8904
TTTTCAATACAGAAAA----TTTTCTGTATTGAAAA
0.7777777777777778
Creating results0.pdf

covid8_gap1
Profile0
        0      1      2      3      4      5      6      7
A:   1.00   2.00 317.00   1.00   2.00 120.00   9.00 286.00
C:   1.00 500.00  74.00 156.00 500.00 161.00  72.00   1.00
G:   1.00   1.00   1.00  29.00   1.00  95.00 333.00 216.00
T: 501.00   1.00 112.00 318.00   1.00 128.00  90.00   1.00

Consensus sequence
gapSize: 1
new solution: 3310
TCATCCGA----TCGGATGA
0.75

covid8_result2
Profile0
        0      1      2      3      4      5      6      7
A:   9.00   1.00   1.00 125.00 154.00  66.00 176.00 501.00
C: 493.00   1.00   1.00 252.00 137.00 145.00 261.00   1.00
G:   1.00  46.00 399.00  58.00 196.00 196.00  66.00   1.00
T:   1.00 456.00 103.00  69.00  17.00  97.00   1.00   1.00

Consensus sequence
gapSize: 0
new solution: 3781
CTGCGGCA----TGCCGCAG
0.875

covid8_result3
Profile1
        0      1      2      3      4      5      6      7
A: 122.00  61.00   1.00 185.00 501.00 406.00 263.00 175.00
C:  71.00  43.00  61.00  64.00   1.00   6.00 116.00   7.00
G:   1.00  64.00  56.00 122.00   1.00  91.00   2.00  82.00
T: 310.00 336.00 386.00 133.00   1.00   1.00 123.00 240.00

Consensus sequence
gapSize: 0
new solution: 3635
TTTAAAAT----ATTTTAAA
0.9166666666666666
Creating results1.pdf


